[[ 0.006 -0.009  0.145]
[ 0.007 -0.008  0.145]
[ 0.008 -0.006  0.145]
[ 0.009 -0.005  0.145]
[ 0.010 -0.004  0.145]
[ 0.010 -0.003  0.145]
[ 0.010 -0.001  0.145]
[ 0.010  0.000  0.145]
[ 0.010  0.002  0.145]
[ 0.104  0.027 -6.288]
[ 0.104  0.027  0.000]
[ 0.104  0.027  0.000]
[ 0.104  0.027  0.000]
[ 0.104  0.027  0.000]
[ 0.104  0.027  0.000]
[ 0.104  0.027  0.000]
[ 0.104  0.027  0.000]
[ 0.104  0.027  0.000]
[ 0.104  0.027  0.000]
[ 0.017  0.004 -0.013]
[ 0.123  0.025 -0.093]
[ 0.124  0.013 -0.093]
[ 0.125  0.001 -0.093]
[ 0.125 -0.010 -0.093]
[ 0.123 -0.022 -0.093]
[ 0.121 -0.033 -0.093]
[ 0.117 -0.044 -0.093]
[ 0.113 -0.055 -0.093]
[ 0.107 -0.065 -0.093]
[ 0.081 -0.054  6.291]
[ 0.090 -0.059  0.000]
[ 0.090 -0.059  0.000]
[ 0.090 -0.059  0.000]
[ 0.090 -0.059  0.000]
[ 0.090 -0.059  0.000]
[ 0.090 -0.059  0.000]
[ 0.090 -0.059  0.000]
[ 0.090 -0.059  0.000]
[ 0.090 -0.059  0.000]
[ 0.009 -0.006 -6.291]
[ 0.100 -0.075 -0.093]
[ 0.093 -0.084 -0.093]
[ 0.085 -0.092 -0.093]
[ 0.076 -0.100 -0.093]
[ 0.066 -0.106 -0.093]
[ 0.056 -0.112 -0.093]
[ 0.046 -0.117 -0.093]
[ 0.035 -0.120 -0.093]
[ 0.023 -0.123 -0.093]
[ 0.003 -0.017  6.301]
[ 0.025 -0.123  0.093]
[ 0.037 -0.120  0.093]
[ 0.048 -0.116  0.093]
[ 0.058 -0.111  0.093]
[ 0.068 -0.105  0.093]
[ 0.078 -0.098  0.093]
[ 0.086 -0.091  0.093]
[ 0.094 -0.082  0.093]
[ 0.102 -0.073  0.093]
[-0.002  0.001 -6.301]
[ 0.100 -0.075 -0.093]
[ 0.093 -0.084 -0.093]
[ 0.085 -0.092 -0.093]
[ 0.076 -0.100 -0.093]
[ 0.066 -0.106 -0.093]
[ 0.056 -0.112 -0.093]
[ 0.046 -0.117 -0.093]
[ 0.035 -0.120 -0.093]
[ 0.023 -0.123 -0.093]
[ 0.003 -0.017  6.301]
[ 0.025 -0.123  0.093]
[ 0.037 -0.120  0.093]
[ 0.048 -0.116  0.093]
[ 0.058 -0.111  0.093]
[ 0.068 -0.105  0.093]
[ 0.078 -0.098  0.093]
[ 0.086 -0.091  0.093]
[ 0.094 -0.082  0.093]
[ 0.102 -0.073  0.093]
[-0.002  0.001 -6.301]
[ 0.100 -0.075 -0.093]
[ 0.093 -0.084 -0.093]
[ 0.085 -0.092 -0.093]
[ 0.076 -0.100 -0.093]
[ 0.066 -0.106 -0.093]
[ 0.056 -0.112 -0.093]
[ 0.046 -0.117 -0.093]
[ 0.035 -0.120 -0.093]
[ 0.023 -0.123 -0.093]
[ 0.003 -0.017  6.301]
[ 0.025 -0.123  0.093]
[ 0.037 -0.120  0.093]
[ 0.048 -0.116  0.093]
[ 0.058 -0.111  0.093]
[ 0.068 -0.105  0.093]
[ 0.078 -0.098  0.093]
[ 0.086 -0.091  0.093]
[ 0.094 -0.082  0.093]
[ 0.102 -0.073  0.093]
[-0.002  0.001 -6.301]
[ 0.100 -0.075 -0.093]
[ 0.093 -0.084 -0.093]
[ 0.085 -0.092 -0.093]
[ 0.076 -0.100 -0.093]
[ 0.066 -0.106 -0.093]
[ 0.056 -0.112 -0.093]
[ 0.046 -0.117 -0.093]
[ 0.035 -0.120 -0.093]
[ 0.023 -0.123 -0.093]
[ 0.003 -0.017  6.301]
[ 0.025 -0.123  0.093]
[ 0.037 -0.120  0.093]
[ 0.048 -0.116  0.093]
[ 0.058 -0.111  0.093]
[ 0.068 -0.105  0.093]
[ 0.078 -0.098  0.093]
[ 0.086 -0.091  0.093]
[ 0.094 -0.082  0.093]
[ 0.102 -0.073  0.093]
[-0.002  0.001 -6.301]
[ 0.100 -0.075 -0.093]
[ 0.093 -0.084 -0.093]
[ 0.085 -0.092 -0.093]
[ 0.076 -0.100 -0.093]
[ 0.066 -0.106 -0.093]
[ 0.056 -0.112 -0.093]
[ 0.046 -0.117 -0.093]
[ 0.035 -0.120 -0.093]
[ 0.023 -0.123 -0.093]
[-0.000  0.003  6.286]]