 0.006
-0.009
 0.145
 0.007
-0.008
 0.145
 0.008
-0.006
 0.145
 0.009
-0.005
 0.145
 0.010
-0.004
 0.145
 0.010
-0.003
 0.145
 0.010
-0.001
 0.145
 0.010
 0.000
 0.145
 0.010
 0.002
 0.145
 0.104
 0.027
-6.288
 0.104
 0.027
 0.000
 0.104
 0.027
 0.000
 0.104
 0.027
 0.000
 0.104
 0.027
 0.000
 0.104
 0.027
 0.000
 0.104
 0.027
 0.000
 0.104
 0.027
 0.000
 0.104
 0.027
 0.000
 0.104
 0.027
 0.000
 0.115
 0.030
 0.000
 0.115
 0.030
 0.000
 0.115
 0.030
 0.000
 0.115
 0.030
 0.000
 0.115
 0.030
 0.000
 0.115
 0.030
 0.000
 0.115
 0.030
 0.000
 0.115
 0.030
 0.000
 0.115
 0.030
 0.000
 0.115
 0.030
 0.000
 0.017
 0.004
-0.013
 0.123
 0.025
-0.093
 0.124
 0.013
-0.093
 0.125
 0.001
-0.093
 0.125
-0.010
-0.093
 0.123
-0.022
-0.093
 0.121
-0.033
-0.093
 0.117
-0.044
-0.093
 0.113
-0.055
-0.093
 0.107
-0.065
-0.093
 0.002
-0.001
 6.301
 0.108
-0.063
 0.093
 0.113
-0.053
 0.093
 0.118
-0.042
 0.093
 0.121
-0.031
 0.093
 0.124
-0.020
 0.093
 0.125
-0.008
 0.093
 0.125
 0.004
 0.093
 0.124
 0.015
 0.093
 0.122
 0.027
 0.093
-0.006
-0.002
-6.288
